hit_colours <- c(
  'HR' = '#FF0000', 'Triple' = '#990000', 'Double' = '#005FFF', 
  'Single' = '#3CB371', 'Error' = '#B8860B', 'Out' = '#BBBBBB'
)

pitch_colour <- c('4-Seam Fastball' = '#FF0000', '2-Seam Fastball' = '#000080', 'Sinker' = '#0000FF', 'Screwball' = '#996699', 'Changeup' = '#00FF00', 'Split-Finger' = '#FF66FF', 'Forkball' = '#808000', 'Knuckleball' = '#008080', 'Curveball' = '#FFA500', 'Knuckle Curve' = '#00ECFF', 'Slider' = '#FF4F02', 'Cutter' = '#008000', 'Eephus' = '#808080', 'Pitched Out' = '#666666', 'Intentional' = '#333333', 'NULL' = '#000000', 'Fastball' = '#FF0000', 'ChangeUp' = '#00FF00')
